accuracy= 0.7037037037037037
accuracy1111= 0.0
finale_1_0_get_1_0= 
1216
2886
0
4102
target_indices11,10,00,01= 
0
1216
2886
0
accuracy= 0.7037037037037037
accuracy1111= 0.0
finale_1_0_get_1_0= 
1216
2886
0
4102
target_indices11,10,00,01= 
0
1216
2886
0
accuracy= 0.7037037037037037
accuracy1111= 0.0
finale_1_0_get_1_0= 
1216
2886
0
4102
target_indices11,10,00,01= 
0
1216
2886
0
accuracy= 0.7668128654970761
accuracy1111= 0.21299342105263158
finale_1_0_get_1_0= 
1216
2886
259
3843
target_indices11,10,00,01= 
259
957
2886
0
accuracy= 0.7614522417153996
accuracy1111= 0.19490131578947367
finale_1_0_get_1_0= 
1216
2886
237
3865
target_indices11,10,00,01= 
237
979
2886
0
accuracy= 0.7668128654970761
accuracy1111= 0.21299342105263158
finale_1_0_get_1_0= 
1216
2886
259
3843
target_indices11,10,00,01= 
259
957
2886
0
accuracy= 0.7731481481481481
accuracy1111= 0.234375
finale_1_0_get_1_0= 
1216
2886
285
3817
target_indices11,10,00,01= 
285
931
2886
0
accuracy= 0.7984892787524367
accuracy1111= 0.33305921052631576
finale_1_0_get_1_0= 
1216
2886
421
3681
target_indices11,10,00,01= 
405
811
2870
16
accuracy= 0.7794834307992202
accuracy1111= 0.2582236842105263
finale_1_0_get_1_0= 
1216
2886
317
3785
target_indices11,10,00,01= 
314
902
2883
3
accuracy= 0.7950779727095516
accuracy1111= 0.3199013157894737
finale_1_0_get_1_0= 
1216
2886
403
3699
target_indices11,10,00,01= 
389
827
2872
14
accuracy= 0.7955653021442495
accuracy1111= 0.3215460526315789
finale_1_0_get_1_0= 
1216
2886
405
3697
target_indices11,10,00,01= 
391
825
2872
14
accuracy= 0.8043372319688109
accuracy1111= 0.35855263157894735
finale_1_0_get_1_0= 
1216
2886
459
3643
target_indices11,10,00,01= 
436
780
2863
23
accuracy= 0.8036062378167641
accuracy1111= 0.3667763157894737
finale_1_0_get_1_0= 
1216
2886
482
3620
target_indices11,10,00,01= 
446
770
2850
36
accuracy= 0.7999512670565302
accuracy1111= 0.3379934210526316
finale_1_0_get_1_0= 
1216
2886
427
3675
target_indices11,10,00,01= 
411
805
2870
16
accuracy= 0.8028752436647173
accuracy1111= 0.3782894736842105
finale_1_0_get_1_0= 
1216
2886
513
3589
target_indices11,10,00,01= 
460
756
2833
53
accuracy= 0.8028752436647173
accuracy1111= 0.3782894736842105
finale_1_0_get_1_0= 
1216
2886
513
3589
target_indices11,10,00,01= 
460
756
2833
53
accuracy= 0.7877680311890838
accuracy1111= 0.29276315789473684
finale_1_0_get_1_0= 
1216
2886
367
3735
target_indices11,10,00,01= 
356
860
2875
11
accuracy= 0.7897173489278753
accuracy1111= 0.3001644736842105
finale_1_0_get_1_0= 
1216
2886
377
3725
target_indices11,10,00,01= 
365
851
2874
12
accuracy= 0.7992202729044835
accuracy1111= 0.3355263157894737
finale_1_0_get_1_0= 
1216
2886
424
3678
target_indices11,10,00,01= 
408
808
2870
16
accuracy= 0.786793372319688
accuracy1111= 0.2886513157894737
finale_1_0_get_1_0= 
1216
2886
361
3741
target_indices11,10,00,01= 
351
865
2876
10
accuracy= 0.7999512670565302
accuracy1111= 0.3379934210526316
finale_1_0_get_1_0= 
1216
2886
427
3675
target_indices11,10,00,01= 
411
805
2870
16
accuracy= 0.8048245614035088
accuracy1111= 0.38980263157894735
finale_1_0_get_1_0= 
1216
2886
533
3569
target_indices11,10,00,01= 
474
742
2827
59
accuracy= 0.8055555555555556
accuracy1111= 0.3939144736842105
finale_1_0_get_1_0= 
1216
2886
540
3562
target_indices11,10,00,01= 
479
737
2825
61
accuracy= 0.8055555555555556
accuracy1111= 0.39473684210526316
finale_1_0_get_1_0= 
1216
2886
542
3560
target_indices11,10,00,01= 
480
736
2824
62
accuracy= 0.7865497076023392
accuracy1111= 0.2878289473684211
finale_1_0_get_1_0= 
1216
2886
360
3742
target_indices11,10,00,01= 
350
866
2876
10
accuracy= 0.7984892787524367
accuracy1111= 0.33305921052631576
finale_1_0_get_1_0= 
1216
2886
421
3681
target_indices11,10,00,01= 
405
811
2870
16
accuracy= 0.8055555555555556
accuracy1111= 0.39473684210526316
finale_1_0_get_1_0= 
1216
2886
542
3560
target_indices11,10,00,01= 
480
736
2824
62
accuracy= 0.8001949317738791
accuracy1111= 0.3404605263157895
finale_1_0_get_1_0= 
1216
2886
432
3670
target_indices11,10,00,01= 
414
802
2868
18
accuracy= 0.8016569200779727
accuracy1111= 0.34539473684210525
finale_1_0_get_1_0= 
1216
2886
438
3664
target_indices11,10,00,01= 
420
796
2868
18
accuracy= 0.7999512670565302
accuracy1111= 0.3379934210526316
finale_1_0_get_1_0= 
1216
2886
427
3675
target_indices11,10,00,01= 
411
805
2870
16
accuracy= 0.8055555555555556
accuracy1111= 0.3939144736842105
finale_1_0_get_1_0= 
1216
2886
540
3562
target_indices11,10,00,01= 
479
737
2825
61
accuracy= 0.7970272904483431
accuracy1111= 0.32730263157894735
finale_1_0_get_1_0= 
1216
2886
413
3689
target_indices11,10,00,01= 
398
818
2871
15
accuracy= 0.7997076023391813
accuracy1111= 0.33881578947368424
finale_1_0_get_1_0= 
1216
2886
430
3672
target_indices11,10,00,01= 
412
804
2868
18
accuracy= 0.7977582846003899
accuracy1111= 0.32976973684210525
finale_1_0_get_1_0= 
1216
2886
416
3686
target_indices11,10,00,01= 
401
815
2871
15
accuracy= 0.803849902534113
accuracy1111= 0.35444078947368424
finale_1_0_get_1_0= 
1216
2886
451
3651
target_indices11,10,00,01= 
431
785
2866
20
accuracy= 0.8055555555555556
accuracy1111= 0.39473684210526316
finale_1_0_get_1_0= 
1216
2886
542
3560
target_indices11,10,00,01= 
480
736
2824
62
accuracy= 0.8055555555555556
accuracy1111= 0.39473684210526316
finale_1_0_get_1_0= 
1216
2886
542
3560
target_indices11,10,00,01= 
480
736
2824
62
accuracy= 0.8021442495126706
accuracy1111= 0.3470394736842105
finale_1_0_get_1_0= 
1216
2886
440
3662
target_indices11,10,00,01= 
422
794
2868
18
accuracy= 0.7962962962962963
accuracy1111= 0.3248355263157895
finale_1_0_get_1_0= 
1216
2886
410
3692
target_indices11,10,00,01= 
395
821
2871
15
accuracy= 0.7955653021442495
accuracy1111= 0.3215460526315789
finale_1_0_get_1_0= 
1216
2886
405
3697
target_indices11,10,00,01= 
391
825
2872
14
accuracy= 0.803849902534113
accuracy1111= 0.35444078947368424
finale_1_0_get_1_0= 
1216
2886
451
3651
target_indices11,10,00,01= 
431
785
2866
20
accuracy= 0.8016569200779727
accuracy1111= 0.34539473684210525
finale_1_0_get_1_0= 
1216
2886
438
3664
target_indices11,10,00,01= 
420
796
2868
18
accuracy= 0.8033625730994152
accuracy1111= 0.3527960526315789
finale_1_0_get_1_0= 
1216
2886
449
3653
target_indices11,10,00,01= 
429
787
2866
20
accuracy= 0.7955653021442495
accuracy1111= 0.3215460526315789
finale_1_0_get_1_0= 
1216
2886
405
3697
target_indices11,10,00,01= 
391
825
2872
14
accuracy= 0.8016569200779727
accuracy1111= 0.34539473684210525
finale_1_0_get_1_0= 
1216
2886
438
3664
target_indices11,10,00,01= 
420
796
2868
18
accuracy= 0.7962962962962963
accuracy1111= 0.3248355263157895
finale_1_0_get_1_0= 
1216
2886
410
3692
target_indices11,10,00,01= 
395
821
2871
15
accuracy= 0.8014132553606238
accuracy1111= 0.4152960526315789
finale_1_0_get_1_0= 
1216
2886
609
3493
target_indices11,10,00,01= 
505
711
2782
104
accuracy= 0.7962962962962963
accuracy1111= 0.3248355263157895
finale_1_0_get_1_0= 
1216
2886
410
3692
target_indices11,10,00,01= 
395
821
2871
15
accuracy= 0.7992202729044835
accuracy1111= 0.3355263157894737
finale_1_0_get_1_0= 
1216
2886
424
3678
target_indices11,10,00,01= 
408
808
2870
16
accuracy= 0.8016569200779727
accuracy1111= 0.34539473684210525
finale_1_0_get_1_0= 
1216
2886
438
3664
target_indices11,10,00,01= 
420
796
2868
18
accuracy= 0.7950779727095516
accuracy1111= 0.3199013157894737
finale_1_0_get_1_0= 
1216
2886
403
3699
target_indices11,10,00,01= 
389
827
2872
14
accuracy= 0.7962962962962963
accuracy1111= 0.3248355263157895
finale_1_0_get_1_0= 
1216
2886
410
3692
target_indices11,10,00,01= 
395
821
2871
15
accuracy= 0.7999512670565302
accuracy1111= 0.3379934210526316
finale_1_0_get_1_0= 
1216
2886
427
3675
target_indices11,10,00,01= 
411
805
2870
16
accuracy= 0.7999512670565302
accuracy1111= 0.3379934210526316
finale_1_0_get_1_0= 
1216
2886
427
3675
target_indices11,10,00,01= 
411
805
2870
16
accuracy= 0.7962962962962963
accuracy1111= 0.3248355263157895
finale_1_0_get_1_0= 
1216
2886
410
3692
target_indices11,10,00,01= 
395
821
2871
15
accuracy= 0.7999512670565302
accuracy1111= 0.33963815789473684
finale_1_0_get_1_0= 
1216
2886
431
3671
target_indices11,10,00,01= 
413
803
2868
18
accuracy= 0.7977582846003899
accuracy1111= 0.32976973684210525
finale_1_0_get_1_0= 
1216
2886
416
3686
target_indices11,10,00,01= 
401
815
2871
15
accuracy= 0.7962962962962963
accuracy1111= 0.3248355263157895
finale_1_0_get_1_0= 
1216
2886
410
3692
target_indices11,10,00,01= 
395
821
2871
15
accuracy= 0.804093567251462
accuracy1111= 0.3692434210526316
finale_1_0_get_1_0= 
1216
2886
486
3616
target_indices11,10,00,01= 
449
767
2849
37
accuracy= 0.7977582846003899
accuracy1111= 0.32976973684210525
finale_1_0_get_1_0= 
1216
2886
416
3686
target_indices11,10,00,01= 
401
815
2871
15
accuracy= 0.8055555555555556
accuracy1111= 0.39473684210526316
finale_1_0_get_1_0= 
1216
2886
542
3560
target_indices11,10,00,01= 
480
736
2824
62
accuracy= 0.8057992202729045
accuracy1111= 0.39473684210526316
finale_1_0_get_1_0= 
1216
2886
541
3561
target_indices11,10,00,01= 
480
736
2825
61
accuracy= 0.8053118908382066
accuracy1111= 0.39473684210526316
finale_1_0_get_1_0= 
1216
2886
543
3559
target_indices11,10,00,01= 
480
736
2823
63
accuracy= 0.7962962962962963
accuracy1111= 0.3248355263157895
finale_1_0_get_1_0= 
1216
2886
410
3692
target_indices11,10,00,01= 
395
821
2871
15
accuracy= 0.804093567251462
accuracy1111= 0.359375
finale_1_0_get_1_0= 
1216
2886
462
3640
target_indices11,10,00,01= 
437
779
2861
25
accuracy= 0.8050682261208577
accuracy1111= 0.3963815789473684
finale_1_0_get_1_0= 
1216
2886
548
3554
target_indices11,10,00,01= 
482
734
2820
66
accuracy= 0.8021442495126706
accuracy1111= 0.3470394736842105
finale_1_0_get_1_0= 
1216
2886
440
3662
target_indices11,10,00,01= 
422
794
2868
18
accuracy= 0.8055555555555556
accuracy1111= 0.3980263157894737
finale_1_0_get_1_0= 
1216
2886
550
3552
target_indices11,10,00,01= 
484
732
2820
66
accuracy= 0.8055555555555556
accuracy1111= 0.39473684210526316
finale_1_0_get_1_0= 
1216
2886
542
3560
target_indices11,10,00,01= 
480
736
2824
62
accuracy= 0.7962962962962963
accuracy1111= 0.3248355263157895
finale_1_0_get_1_0= 
1216
2886
410
3692
target_indices11,10,00,01= 
395
821
2871
15
accuracy= 0.7962962962962963
accuracy1111= 0.3248355263157895
finale_1_0_get_1_0= 
1216
2886
410
3692
target_indices11,10,00,01= 
395
821
2871
15
accuracy= 0.7980019493177388
accuracy1111= 0.3305921052631579
finale_1_0_get_1_0= 
1216
2886
417
3685
target_indices11,10,00,01= 
402
814
2871
15
accuracy= 0.7980019493177388
accuracy1111= 0.3305921052631579
finale_1_0_get_1_0= 
1216
2886
417
3685
target_indices11,10,00,01= 
402
814
2871
15
accuracy= 0.7999512670565302
accuracy1111= 0.3379934210526316
finale_1_0_get_1_0= 
1216
2886
427
3675
target_indices11,10,00,01= 
411
805
2870
16
accuracy= 0.8055555555555556
accuracy1111= 0.3980263157894737
finale_1_0_get_1_0= 
1216
2886
550
3552
target_indices11,10,00,01= 
484
732
2820
66
accuracy= 0.7984892787524367
accuracy1111= 0.33305921052631576
finale_1_0_get_1_0= 
1216
2886
421
3681
target_indices11,10,00,01= 
405
811
2870
16
accuracy= 0.7977582846003899
accuracy1111= 0.32976973684210525
finale_1_0_get_1_0= 
1216
2886
416
3686
target_indices11,10,00,01= 
401
815
2871
15
accuracy= 0.7980019493177388
accuracy1111= 0.3305921052631579
finale_1_0_get_1_0= 
1216
2886
417
3685
target_indices11,10,00,01= 
402
814
2871
15
accuracy= 0.7987329434697856
accuracy1111= 0.33305921052631576
finale_1_0_get_1_0= 
1216
2886
420
3682
target_indices11,10,00,01= 
405
811
2871
15
accuracy= 0.8033625730994152
accuracy1111= 0.3519736842105263
finale_1_0_get_1_0= 
1216
2886
447
3655
target_indices11,10,00,01= 
428
788
2867
19
accuracy= 0.7984892787524367
accuracy1111= 0.33305921052631576
finale_1_0_get_1_0= 
1216
2886
421
3681
target_indices11,10,00,01= 
405
811
2870
16
accuracy= 0.7997076023391813
accuracy1111= 0.3379934210526316
finale_1_0_get_1_0= 
1216
2886
428
3674
target_indices11,10,00,01= 
411
805
2869
17
accuracy= 0.8062865497076024
accuracy1111= 0.40542763157894735
finale_1_0_get_1_0= 
1216
2886
565
3537
target_indices11,10,00,01= 
493
723
2814
72
accuracy= 0.8001949317738791
accuracy1111= 0.3404605263157895
finale_1_0_get_1_0= 
1216
2886
432
3670
target_indices11,10,00,01= 
414
802
2868
18
accuracy= 0.7999512670565302
accuracy1111= 0.3379934210526316
finale_1_0_get_1_0= 
1216
2886
427
3675
target_indices11,10,00,01= 
411
805
2870
16
accuracy= 0.8055555555555556
accuracy1111= 0.39473684210526316
finale_1_0_get_1_0= 
1216
2886
542
3560
target_indices11,10,00,01= 
480
736
2824
62
accuracy= 0.7994639376218323
accuracy1111= 0.3379934210526316
finale_1_0_get_1_0= 
1216
2886
429
3673
target_indices11,10,00,01= 
411
805
2868
18
accuracy= 0.7962962962962963
accuracy1111= 0.3248355263157895
finale_1_0_get_1_0= 
1216
2886
410
3692
target_indices11,10,00,01= 
395
821
2871
15
accuracy= 0.7997076023391813
accuracy1111= 0.33881578947368424
finale_1_0_get_1_0= 
1216
2886
430
3672
target_indices11,10,00,01= 
412
804
2868
18
accuracy= 0.8016569200779727
accuracy1111= 0.34539473684210525
finale_1_0_get_1_0= 
1216
2886
438
3664
target_indices11,10,00,01= 
420
796
2868
18
accuracy= 0.7992202729044835
accuracy1111= 0.3355263157894737
finale_1_0_get_1_0= 
1216
2886
424
3678
target_indices11,10,00,01= 
408
808
2870
16
accuracy= 0.804093567251462
accuracy1111= 0.35526315789473684
finale_1_0_get_1_0= 
1216
2886
452
3650
target_indices11,10,00,01= 
432
784
2866
20
accuracy= 0.7962962962962963
accuracy1111= 0.3248355263157895
finale_1_0_get_1_0= 
1216
2886
410
3692
target_indices11,10,00,01= 
395
821
2871
15
accuracy= 0.7999512670565302
accuracy1111= 0.3379934210526316
finale_1_0_get_1_0= 
1216
2886
427
3675
target_indices11,10,00,01= 
411
805
2870
16
accuracy= 0.7999512670565302
accuracy1111= 0.3379934210526316
finale_1_0_get_1_0= 
1216
2886
427
3675
target_indices11,10,00,01= 
411
805
2870
16
accuracy= 0.8023879142300194
accuracy1111= 0.34786184210526316
finale_1_0_get_1_0= 
1216
2886
441
3661
target_indices11,10,00,01= 
423
793
2868
18
accuracy= 0.7984892787524367
accuracy1111= 0.33305921052631576
finale_1_0_get_1_0= 
1216
2886
421
3681
target_indices11,10,00,01= 
405
811
2870
16
accuracy= 0.8004385964912281
accuracy1111= 0.3412828947368421
finale_1_0_get_1_0= 
1216
2886
433
3669
target_indices11,10,00,01= 
415
801
2868
18
accuracy= 0.7997076023391813
accuracy1111= 0.3371710526315789
finale_1_0_get_1_0= 
1216
2886
426
3676
target_indices11,10,00,01= 
410
806
2870
16
accuracy= 0.7962962962962963
accuracy1111= 0.3248355263157895
finale_1_0_get_1_0= 
1216
2886
410
3692
target_indices11,10,00,01= 
395
821
2871
15
