accuracy= 0.7848440545808967
accuracy1111= 0.4251447477253929
finale_1_0_get_1_0= 
1209
2893
702
3400
target_indices11,10,00,01= 
514
695
2705
188
accuracy= 0.7943469785575049
accuracy1111= 0.36724565756823824
finale_1_0_get_1_0= 
1209
2893
523
3579
target_indices11,10,00,01= 
444
765
2814
79
accuracy= 0.793859649122807
accuracy1111= 0.35401157981803144
finale_1_0_get_1_0= 
1209
2893
493
3609
target_indices11,10,00,01= 
428
781
2828
65
accuracy= 0.793859649122807
accuracy1111= 0.35401157981803144
finale_1_0_get_1_0= 
1209
2893
493
3609
target_indices11,10,00,01= 
428
781
2828
65
accuracy= 0.793859649122807
accuracy1111= 0.35401157981803144
finale_1_0_get_1_0= 
1209
2893
493
3609
target_indices11,10,00,01= 
428
781
2828
65
accuracy= 0.7894736842105263
accuracy1111= 0.3333333333333333
finale_1_0_get_1_0= 
1209
2893
461
3641
target_indices11,10,00,01= 
403
806
2835
58
accuracy= 0.7880116959064327
accuracy1111= 0.3267162944582299
finale_1_0_get_1_0= 
1209
2893
451
3651
target_indices11,10,00,01= 
395
814
2837
56
accuracy= 0.7880116959064327
accuracy1111= 0.3242349048800662
finale_1_0_get_1_0= 
1209
2893
445
3657
target_indices11,10,00,01= 
392
817
2840
53
accuracy= 0.7880116959064327
accuracy1111= 0.3242349048800662
finale_1_0_get_1_0= 
1209
2893
445
3657
target_indices11,10,00,01= 
392
817
2840
53
accuracy= 0.7884990253411306
accuracy1111= 0.3225806451612903
finale_1_0_get_1_0= 
1209
2893
439
3663
target_indices11,10,00,01= 
390
819
2844
49
accuracy= 0.7923976608187134
accuracy1111= 0.3490488006617039
finale_1_0_get_1_0= 
1209
2893
487
3615
target_indices11,10,00,01= 
422
787
2828
65
accuracy= 0.7887426900584795
accuracy1111= 0.3225806451612903
finale_1_0_get_1_0= 
1209
2893
438
3664
target_indices11,10,00,01= 
390
819
2845
48
accuracy= 0.7916666666666666
accuracy1111= 0.3465674110835401
finale_1_0_get_1_0= 
1209
2893
484
3618
target_indices11,10,00,01= 
419
790
2828
65
accuracy= 0.7884990253411306
accuracy1111= 0.3225806451612903
finale_1_0_get_1_0= 
1209
2893
439
3663
target_indices11,10,00,01= 
390
819
2844
49
accuracy= 0.7919103313840156
accuracy1111= 0.3457402812241522
finale_1_0_get_1_0= 
1209
2893
481
3621
target_indices11,10,00,01= 
418
791
2830
63
accuracy= 0.7916666666666666
accuracy1111= 0.3465674110835401
finale_1_0_get_1_0= 
1209
2893
484
3618
target_indices11,10,00,01= 
419
790
2828
65
accuracy= 0.7962962962962963
accuracy1111= 0.3813068651778329
finale_1_0_get_1_0= 
1209
2893
549
3553
target_indices11,10,00,01= 
461
748
2805
88
accuracy= 0.7894736842105263
accuracy1111= 0.3349875930521092
finale_1_0_get_1_0= 
1209
2893
465
3637
target_indices11,10,00,01= 
405
804
2833
60
accuracy= 0.7977582846003899
accuracy1111= 0.3920595533498759
finale_1_0_get_1_0= 
1209
2893
569
3533
target_indices11,10,00,01= 
474
735
2798
95
accuracy= 0.7916666666666666
accuracy1111= 0.3465674110835401
finale_1_0_get_1_0= 
1209
2893
484
3618
target_indices11,10,00,01= 
419
790
2828
65
accuracy= 0.7967836257309941
accuracy1111= 0.3879239040529363
finale_1_0_get_1_0= 
1209
2893
563
3539
target_indices11,10,00,01= 
469
740
2799
94
accuracy= 0.797514619883041
accuracy1111= 0.3920595533498759
finale_1_0_get_1_0= 
1209
2893
570
3532
target_indices11,10,00,01= 
474
735
2797
96
accuracy= 0.7892300194931774
accuracy1111= 0.3325062034739454
finale_1_0_get_1_0= 
1209
2893
460
3642
target_indices11,10,00,01= 
402
807
2835
58
accuracy= 0.7967836257309941
accuracy1111= 0.3879239040529363
finale_1_0_get_1_0= 
1209
2893
563
3539
target_indices11,10,00,01= 
469
740
2799
94
accuracy= 0.797270955165692
accuracy1111= 0.39288668320926384
finale_1_0_get_1_0= 
1209
2893
573
3529
target_indices11,10,00,01= 
475
734
2795
98
accuracy= 0.797514619883041
accuracy1111= 0.3920595533498759
finale_1_0_get_1_0= 
1209
2893
570
3532
target_indices11,10,00,01= 
474
735
2797
96
accuracy= 0.797514619883041
accuracy1111= 0.39288668320926384
finale_1_0_get_1_0= 
1209
2893
572
3530
target_indices11,10,00,01= 
475
734
2796
97
accuracy= 0.7892300194931774
accuracy1111= 0.33416046319272125
finale_1_0_get_1_0= 
1209
2893
464
3638
target_indices11,10,00,01= 
404
805
2833
60
accuracy= 0.7953216374269005
accuracy1111= 0.3746898263027295
finale_1_0_get_1_0= 
1209
2893
537
3565
target_indices11,10,00,01= 
453
756
2809
84
accuracy= 0.7970272904483431
accuracy1111= 0.38957816377171217
finale_1_0_get_1_0= 
1209
2893
566
3536
target_indices11,10,00,01= 
471
738
2798
95
accuracy= 0.7967836257309941
accuracy1111= 0.3879239040529363
finale_1_0_get_1_0= 
1209
2893
563
3539
target_indices11,10,00,01= 
469
740
2799
94
accuracy= 0.7977582846003899
accuracy1111= 0.3920595533498759
finale_1_0_get_1_0= 
1209
2893
569
3533
target_indices11,10,00,01= 
474
735
2798
95
accuracy= 0.7967836257309941
accuracy1111= 0.3879239040529363
finale_1_0_get_1_0= 
1209
2893
563
3539
target_indices11,10,00,01= 
469
740
2799
94
accuracy= 0.7967836257309941
accuracy1111= 0.3879239040529363
finale_1_0_get_1_0= 
1209
2893
563
3539
target_indices11,10,00,01= 
469
740
2799
94
accuracy= 0.7965399610136452
accuracy1111= 0.3870967741935484
finale_1_0_get_1_0= 
1209
2893
562
3540
target_indices11,10,00,01= 
468
741
2799
94
accuracy= 0.7965399610136452
accuracy1111= 0.3870967741935484
finale_1_0_get_1_0= 
1209
2893
562
3540
target_indices11,10,00,01= 
468
741
2799
94
accuracy= 0.797514619883041
accuracy1111= 0.3920595533498759
finale_1_0_get_1_0= 
1209
2893
570
3532
target_indices11,10,00,01= 
474
735
2797
96
accuracy= 0.7965399610136452
accuracy1111= 0.3870967741935484
finale_1_0_get_1_0= 
1209
2893
562
3540
target_indices11,10,00,01= 
468
741
2799
94
accuracy= 0.794103313840156
accuracy1111= 0.36145574855252277
finale_1_0_get_1_0= 
1209
2893
510
3592
target_indices11,10,00,01= 
437
772
2820
73
accuracy= 0.797514619883041
accuracy1111= 0.391232423490488
finale_1_0_get_1_0= 
1209
2893
568
3534
target_indices11,10,00,01= 
473
736
2798
95
accuracy= 0.7965399610136452
accuracy1111= 0.3870967741935484
finale_1_0_get_1_0= 
1209
2893
562
3540
target_indices11,10,00,01= 
468
741
2799
94
accuracy= 0.7965399610136452
accuracy1111= 0.3870967741935484
finale_1_0_get_1_0= 
1209
2893
562
3540
target_indices11,10,00,01= 
468
741
2799
94
accuracy= 0.7965399610136452
accuracy1111= 0.3870967741935484
finale_1_0_get_1_0= 
1209
2893
562
3540
target_indices11,10,00,01= 
468
741
2799
94
accuracy= 0.7965399610136452
accuracy1111= 0.3870967741935484
finale_1_0_get_1_0= 
1209
2893
562
3540
target_indices11,10,00,01= 
468
741
2799
94
accuracy= 0.7965399610136452
accuracy1111= 0.3870967741935484
finale_1_0_get_1_0= 
1209
2893
562
3540
target_indices11,10,00,01= 
468
741
2799
94
accuracy= 0.797270955165692
accuracy1111= 0.38957816377171217
finale_1_0_get_1_0= 
1209
2893
565
3537
target_indices11,10,00,01= 
471
738
2799
94
accuracy= 0.7965399610136452
accuracy1111= 0.3870967741935484
finale_1_0_get_1_0= 
1209
2893
562
3540
target_indices11,10,00,01= 
468
741
2799
94
accuracy= 0.7967836257309941
accuracy1111= 0.3879239040529363
finale_1_0_get_1_0= 
1209
2893
563
3539
target_indices11,10,00,01= 
469
740
2799
94
accuracy= 0.7967836257309941
accuracy1111= 0.3879239040529363
finale_1_0_get_1_0= 
1209
2893
563
3539
target_indices11,10,00,01= 
469
740
2799
94
accuracy= 0.7965399610136452
accuracy1111= 0.3870967741935484
finale_1_0_get_1_0= 
1209
2893
562
3540
target_indices11,10,00,01= 
468
741
2799
94
accuracy= 0.7970272904483431
accuracy1111= 0.38875103391232424
finale_1_0_get_1_0= 
1209
2893
564
3538
target_indices11,10,00,01= 
470
739
2799
94
accuracy= 0.797514619883041
accuracy1111= 0.3920595533498759
finale_1_0_get_1_0= 
1209
2893
570
3532
target_indices11,10,00,01= 
474
735
2797
96
