accuracy= 0.7792397660818713
accuracy1111= 0.27751196172248804
finale_1_0_get_1_0= 
1254
2848
348
3754
target_indices11,10,00,01= 
348
906
2848
0
accuracy= 0.7858187134502924
accuracy1111= 0.29904306220095694
finale_1_0_get_1_0= 
1254
2848
375
3727
target_indices11,10,00,01= 
375
879
2848
0
accuracy= 0.7899610136452242
accuracy1111= 0.3189792663476874
finale_1_0_get_1_0= 
1254
2848
408
3694
target_indices11,10,00,01= 
400
854
2840
8
accuracy= 0.7928849902534113
accuracy1111= 0.33014354066985646
finale_1_0_get_1_0= 
1254
2848
424
3678
target_indices11,10,00,01= 
414
840
2838
10
accuracy= 0.7960526315789473
accuracy1111= 0.3413078149920255
finale_1_0_get_1_0= 
1254
2848
439
3663
target_indices11,10,00,01= 
428
826
2837
11
accuracy= 0.7970272904483431
accuracy1111= 0.3452950558213716
finale_1_0_get_1_0= 
1254
2848
445
3657
target_indices11,10,00,01= 
433
821
2836
12
accuracy= 0.8077485380116959
accuracy1111= 0.3883572567783094
finale_1_0_get_1_0= 
1254
2848
509
3593
target_indices11,10,00,01= 
487
767
2826
22
accuracy= 0.7999512670565302
accuracy1111= 0.35566188197767146
finale_1_0_get_1_0= 
1254
2848
459
3643
target_indices11,10,00,01= 
446
808
2835
13
accuracy= 0.807504873294347
accuracy1111= 0.3843700159489633
finale_1_0_get_1_0= 
1254
2848
500
3602
target_indices11,10,00,01= 
482
772
2830
18
accuracy= 0.8077485380116959
accuracy1111= 0.39952153110047844
finale_1_0_get_1_0= 
1254
2848
537
3565
target_indices11,10,00,01= 
501
753
2812
36
accuracy= 0.8082358674463938
accuracy1111= 0.3915470494417863
finale_1_0_get_1_0= 
1254
2848
515
3587
target_indices11,10,00,01= 
491
763
2824
24
accuracy= 0.807261208576998
accuracy1111= 0.3835725677830941
finale_1_0_get_1_0= 
1254
2848
499
3603
target_indices11,10,00,01= 
481
773
2830
18
accuracy= 0.7928849902534113
accuracy1111= 0.33014354066985646
finale_1_0_get_1_0= 
1254
2848
424
3678
target_indices11,10,00,01= 
414
840
2838
10
accuracy= 0.7945906432748537
accuracy1111= 0.335725677830941
finale_1_0_get_1_0= 
1254
2848
431
3671
target_indices11,10,00,01= 
421
833
2838
10
accuracy= 0.7945906432748537
accuracy1111= 0.3365231259968102
finale_1_0_get_1_0= 
1254
2848
433
3669
target_indices11,10,00,01= 
422
832
2837
11
accuracy= 0.7945906432748537
accuracy1111= 0.3365231259968102
finale_1_0_get_1_0= 
1254
2848
433
3669
target_indices11,10,00,01= 
422
832
2837
11
accuracy= 0.7943469785575049
accuracy1111= 0.3349282296650718
finale_1_0_get_1_0= 
1254
2848
430
3672
target_indices11,10,00,01= 
420
834
2838
10
accuracy= 0.7933723196881092
accuracy1111= 0.3317384370015949
finale_1_0_get_1_0= 
1254
2848
426
3676
target_indices11,10,00,01= 
416
838
2838
10
accuracy= 0.7945906432748537
accuracy1111= 0.335725677830941
finale_1_0_get_1_0= 
1254
2848
431
3671
target_indices11,10,00,01= 
421
833
2838
10
accuracy= 0.7945906432748537
accuracy1111= 0.335725677830941
finale_1_0_get_1_0= 
1254
2848
431
3671
target_indices11,10,00,01= 
421
833
2838
10
accuracy= 0.7965399610136452
accuracy1111= 0.34290271132376393
finale_1_0_get_1_0= 
1254
2848
441
3661
target_indices11,10,00,01= 
430
824
2837
11
accuracy= 0.7962962962962963
accuracy1111= 0.34210526315789475
finale_1_0_get_1_0= 
1254
2848
440
3662
target_indices11,10,00,01= 
429
825
2837
11
accuracy= 0.8077485380116959
accuracy1111= 0.39952153110047844
finale_1_0_get_1_0= 
1254
2848
537
3565
target_indices11,10,00,01= 
501
753
2812
36
accuracy= 0.7960526315789473
accuracy1111= 0.3413078149920255
finale_1_0_get_1_0= 
1254
2848
439
3663
target_indices11,10,00,01= 
428
826
2837
11
accuracy= 0.7965399610136452
accuracy1111= 0.34290271132376393
finale_1_0_get_1_0= 
1254
2848
441
3661
target_indices11,10,00,01= 
430
824
2837
11
accuracy= 0.7970272904483431
accuracy1111= 0.3452950558213716
finale_1_0_get_1_0= 
1254
2848
445
3657
target_indices11,10,00,01= 
433
821
2836
12
